TIME MEM VIRT RES SHR CPU FREE SWAP
0:01.87 3.9 28300 18660 2940 99.5 198.1 944.8
0:15.36 26.8 137068 127428 2940 96.0 24.6 909.4
0:24.67 33.2 211120 158204 2316 76.5 9.9 853.7
0:28.17 34.4 238444 163912 2316 90.2 10.0 799.3
0:38.24 34.9 318172 166348 2180 79.7 7.0 480.0
0:55.50 34.6 452152 164964 1508 91.2 10.3 394.9
1:01.78 35.2 501784 167512 1508 55.6 11.7 230.2
1:10.00 33.5 565936 159548 1508 86.4 14.2 167.8
1:13.30 33.2 591676 158096 1508 89.3 8.1 131.9
1:18.87 33.5 634840 159732 1504 67.4 7.2 471.2
11.6 460.1
7.0 452.3
11.4 434.5
5.4 424.6
9.1 412.4
10.4 402.9
4.7 393.6
5.9 388.8
6.5 370.3
6.7 357.2
4.6 347.9
5.7 334.2
4.7 323.2
4.8 312.7
12.9 292.3
4.6 281.1
7.0 266.0
7.8 253.4
5.4 243.0
6.1 233.0
11.0 218.8
4.9 207.1
5.1 190.4
11.1 177.4
8.7 157.6
6.7 144.0
5.5 132.5
4.7 121.6
5.9 115.3
4.6 102.7
4.7 93.6
6.1 81.8
5.5 71.2
4.6 57.9
4.7 43.2
6.6 22.0
4.5 10.5
5.7 0.0
326.8 939.7
326.8 939.7
326.0 939.7
326.0 939.7
325.4 939.7
325.4 939.7
325.4 939.7
323.6 939.7
320.7 939.7
320.7 939.7
320.7 939.7
320.6 939.7
320.7 939.7
320.7 939.7
320.8 939.7
320.7 939.7
320.7 939.7
320.6 939.7
320.7 939.7
320.6 939.7
320.6 939.7
320.6 939.7
320.6 939.7
320.6 939.7
320.7 939.7
320.5 939.7
320.5 939.7
320.5 939.7
320.4 939.7
320.4 939.7
320.4 939.7
320.4 939.7
320.4 939.7
320.4 939.7
320.5 939.7
320.4 939.7
320.4 939.7
318.9 939.7
318.9 939.7
318.8 939.7
318.9 939.7
318.8 939.7
318.8 939.7
318.8 939.7
318.8 939.7
318.8 939.7
318.8 939.7
318.7 939.7
318.8 939.7
318.8 939.7
318.7 939.7
318.7 939.7
318.7 939.7
318.8 939.7
318.7 939.7
318.7 939.7
318.8 939.7
318.7 939.7
318.9 939.7
318.7 939.7
318.7 939.7
318.7 939.7
318.7 939.7
318.7 939.7
318.7 939.7
318.7 939.7
317.8 939.7
317.7 939.7
317.7 939.7
317.7 939.7
317.7 939.7
317.7 939.7
317.7 939.7
317.7 939.7
317.7 939.7
317.3 939.7
316.6 939.7
316.3 939.7
316.8 939.7
317.4 939.7
316.2 939.7
317.3 939.7
317.3 939.7
317.4 939.7
317.3 939.7
317.3 939.7
317.2 939.7
319.3 939.7
319.3 939.7
319.3 939.7
319.0 940.2
311.4 940.2
311.5 940.2
311.5 940.2
311.5 940.2
311.5 940.2
311.5 940.2
311.5 940.2
311.4 940.2
313.6 940.2
314.0 940.2
313.9 940.2
311.6 940.2
311.6 940.2
311.6 940.2
311.5 940.2
311.5 940.2
311.5 940.2
311.5 940.2
311.5 940.2
311.5 940.2
311.5 940.2
311.5 940.2
311.5 940.2
311.5 940.2
310.8 940.2
310.4 940.2
310.4 940.2
310.4 940.2
310.4 940.2
310.3 940.2
310.2 940.2
310.3 940.2
312.7 940.2
310.2 940.2
310.2 940.2
310.2 940.2
310.2 940.2
310.1 940.2
310.2 940.2
310.2 940.2
310.2 940.2
310.1 940.2
310.1 940.2
310.2 940.2
310.1 940.2
310.1 940.2
310.1 940.2
310.1 940.2
310.4 940.2
311.2 940.2
311.2 940.2
311.2 940.2
313.7 940.2
313.8 940.2
313.7 940.2
313.7 940.2
313.7 940.2
314.0 940.2
313.9 940.2
314.0 940.2
313.9 940.2
314.1 940.2
314.0 940.2
314.0 940.2
314.0 940.2
311.7 940.2
311.6 940.2
311.7 940.2
311.6 940.2
311.7 940.2
311.6 940.2
311.6 940.2
311.6 940.2
311.6 940.2
311.7 940.2
311.6 940.2
311.7 940.2
311.7 940.2
311.6 940.2
311.7 940.2
311.7 940.2
311.6 940.2
311.5 940.2
311.6 940.2
311.5 940.2
311.6 940.2
311.5 940.2
311.6 940.2
311.6 940.2
311.6 940.2
311.6 940.2
311.6 940.2
311.6 940.2
311.5 940.2
311.6 940.2
311.6 940.2
311.6 940.2
311.6 940.2
311.6 940.2
309.6 940.5
309.4 940.5
309.4 940.5
309.5 940.5
309.6 940.5
309.4 940.5
309.5 940.5
309.5 940.5
309.5 940.5
309.6 940.5
309.4 940.5
309.4 940.5
309.5 940.5
309.5 940.5
309.4 940.5
309.4 940.5
308.2 940.5
308.3 940.5
308.2 940.5
308.2 940.5
308.2 940.5
308.2 940.5
308.3 940.5
308.2 940.5
308.2 940.5
308.2 940.5
308.2 940.5
308.3 940.5
308.3 940.5
308.2 940.5
308.2 940.5
308.3 940.5
308.3 940.5
308.3 940.5
308.3 940.5
308.3 940.5
308.3 940.5
308.0 940.5
308.2 940.5
308.2 940.5
308.2 940.5
308.2 940.5
308.2 940.5
308.2 940.5
309.0 940.5
308.2 940.5
308.2 940.5
308.1 940.5
308.2 940.5
308.2 940.5
308.2 940.5
308.2 940.5
308.1 940.5
308.1 940.5
308.1 940.5
308.1 940.5
308.1 940.5
309.3 940.5
309.3 940.5
309.3 940.5
309.3 940.5
309.3 940.5
308.1 940.5
309.3 940.5
308.7 940.5
308.1 940.5
308.1 940.5
308.0 940.5
308.1 940.5
308.1 940.5
309.2 940.5
308.7 940.5
308.1 940.5
308.1 940.5
308.1 940.5
309.2 940.5
309.2 940.5
308.2 940.5
308.0 940.5
308.1 940.5
308.1 940.5
308.1 940.5
308.0 940.5
308.0 940.5
308.0 940.5
308.0 940.5
308.0 940.5
308.0 940.5
308.1 940.5
308.0 940.5
308.0 940.5
308.0 940.5
308.0 940.5
308.0 940.5
308.0 940.5
308.0 940.5
308.0 940.5
308.0 940.5
308.1 940.5
308.0 940.5
308.0 940.5
308.1 940.5
308.0 940.5
308.0 940.5
308.0 940.5
308.0 940.5
307.9 940.5
307.9 940.5
307.9 940.5
307.9 940.5
308.0 940.5
308.0 940.5
308.0 940.5
308.0 940.5
308.0 940.5
307.9 940.5
308.0 940.5
308.0 940.5
307.9 940.5
307.9 940.5
308.0 940.5
308.0 940.5
308.0 940.5
308.0 940.5
307.9 940.5
308.0 940.5
308.0 940.5
307.9 940.5
307.9 940.5
308.0 940.5
307.9 940.5
308.0 940.5
307.9 940.5
308.0 940.5
307.8 940.5
307.9 940.5
307.9 940.5
308.0 940.5
308.0 940.5
307.9 940.5
307.8 940.5
308.0 940.5
307.8 940.5
307.9 940.5
307.9 940.5
307.9 940.5
307.8 940.5
307.9 940.5
308.0 940.5
307.8 940.5
307.8 940.5
307.8 940.5
307.8 940.5
307.8 940.5
307.9 940.5
307.9 940.5
307.9 940.5
307.9 940.5
308.1 940.5
308.1 940.5
308.1 940.5
308.1 940.5
308.1 940.5
308.1 940.5
308.1 940.5
308.1 940.5
308.1 940.5
308.1 940.5
308.1 940.5
308.1 940.5
308.2 940.5
308.1 940.5
308.1 940.5
308.1 940.5
308.2 940.5
308.1 940.5
308.1 940.5
308.1 940.5
308.2 940.5
308.1 940.5
308.2 940.5
308.1 940.5
308.2 940.5
308.1 940.5
308.1 940.5
308.1 940.5
308.1 940.5
308.2 940.5
308.2 940.5
308.1 940.5
308.1 940.5
308.1 940.5
308.1 940.5
308.1 940.5
308.1 940.5
308.1 940.5
308.1 940.5
308.1 940.5
308.1 940.5
308.1 940.5
308.1 940.5
308.1 940.5
308.1 940.5
308.1 940.5
248.7 941.0
247.7 941.7
247.5 941.7
247.7 941.7
247.7 941.7
247.8 941.7
247.6 941.7
247.6 941.7
247.8 941.7
247.7 941.7
247.8 941.7
247.7 941.7
247.7 941.7
247.6 941.7
247.7 941.7
247.6 941.7
247.6 941.7
247.7 941.7
247.8 941.7
247.8 941.7
247.8 941.7
247.7 941.7
247.7 941.7
248.7 941.7
247.7 941.7
247.6 941.7
247.7 941.7
248.2 941.7
248.8 941.7
248.8 941.7
247.6 941.7
248.7 941.7
247.7 941.7
247.7 941.7
247.8 941.7
247.6 941.7
247.6 941.7
247.0 942.5
244.7 942.5
244.7 942.5
245.0 942.5
245.8 942.5
244.9 942.5
245.7 942.5
244.7 942.5
245.8 942.5
244.7 942.5
244.8 942.5
244.6 942.5
244.6 942.5
245.0 942.5
245.8 942.5
245.7 942.5
245.8 942.5
245.8 942.5
245.7 942.5
245.7 942.5
245.8 942.5
245.8 942.5
245.7 942.5
245.8 942.5
245.8 942.5
245.8 942.5
245.8 942.5
245.8 942.5
245.7 942.5
245.7 942.5
245.7 942.5
245.6 942.5
245.8 942.5
245.9 942.5
245.8 942.5
245.7 942.5
245.7 942.5
245.7 942.5
245.7 942.5
245.7 942.5
245.6 942.5
245.7 942.5
245.7 942.5
245.6 942.5
245.7 942.5
245.6 942.5
245.7 942.5
245.7 942.5
245.7 942.5
245.7 942.5
245.7 942.5
245.6 942.5
245.7 942.5
245.7 942.5
245.7 942.5
245.7 942.5
245.6 942.5
245.7 942.5
245.7 942.5
245.7 942.5
245.7 942.5
245.6 942.5
245.6 942.5
245.6 942.5
245.5 942.5
245.6 942.5
245.7 942.5
245.6 942.5
245.7 942.5
245.7 942.5
245.6 942.5
245.6 942.5
245.5 942.5
245.7 942.5
245.7 942.5
245.5 942.5
245.6 942.5
245.5 942.5
245.5 942.5
245.7 942.5
245.6 942.5
245.5 942.5
245.7 942.5
245.6 942.5
245.6 942.5
245.6 942.5
245.5 942.5
245.6 942.5
245.6 942.5
245.6 942.5
245.5 942.5
245.6 942.5
245.6 942.5
245.6 942.5
245.5 942.5
245.6 942.5
245.5 942.5
245.6 942.5
245.4 942.5
245.6 942.5
245.5 942.5
245.4 942.5
245.5 942.5
245.4 942.5
245.6 942.5
245.6 942.5
245.6 942.5
245.6 942.5
245.5 942.5
245.5 942.5
245.6 942.5
245.6 942.5
245.5 942.5
245.5 942.5
245.5 942.5
245.5 942.5
245.5 942.5
245.5 942.5
245.4 942.5
245.5 942.5
245.6 942.5
245.6 942.5
245.8 942.5
245.8 942.5
245.8 942.5
245.8 942.5
245.8 942.5
245.7 942.5
245.8 942.5
245.8 942.5
244.6 942.5
244.6 942.5
244.6 942.5
244.6 942.5
244.6 942.7
244.7 943.2
244.7 943.2
244.6 943.2
244.6 943.2
244.6 943.2
244.7 943.2
244.6 943.2
244.7 943.2
244.5 943.2
244.6 943.2
244.7 943.2
244.6 943.2
244.7 943.2
244.6 943.2
244.7 943.2
244.7 943.2
244.6 943.2
244.7 943.2
244.7 943.2
244.7 943.2
244.6 943.2
244.7 943.2
244.7 943.2
244.7 943.2
244.7 943.2
244.6 943.2
244.7 943.2
244.6 943.2
244.6 943.2
244.6 943.2
245.8 943.2
245.8 943.2
245.8 943.2
245.7 943.2
244.6 943.2
244.8 943.2
244.6 943.2
244.7 943.2
244.7 943.2
245.7 943.2
244.6 943.2
244.6 943.2
245.6 943.2
244.7 943.2
244.6 943.2
244.6 943.2
244.7 943.2
244.7 943.2
244.7 943.2
244.7 943.2
244.6 943.2
244.6 943.2
244.6 943.2
244.7 943.2
244.7 943.2
244.7 943.2
244.7 943.2
244.6 943.2
244.7 943.2
244.7 943.2
244.6 943.2
244.7 943.2
244.6 943.2
244.7 943.2
244.6 943.2
245.7 943.2
245.8 943.2
245.7 943.2
245.2 943.2
244.5 943.2
244.5 943.2
244.7 943.2
244.6 943.2
245.7 943.2
245.8 943.2
244.6 943.2
245.0 943.2
245.7 943.2
244.6 943.2
244.6 943.2
244.5 943.2
244.5 943.2
244.6 943.2
244.6 943.2
245.7 943.2
245.7 943.2
244.6 943.2
245.7 943.2
244.6 943.2
245.8 943.2
244.6 943.2
244.6 943.2
245.8 943.2
244.7 943.2
244.6 943.2
245.7 943.2
244.4 943.2
245.6 943.2
245.5 943.2
245.7 943.2
245.7 943.2
245.1 943.2
245.6 943.2
245.7 943.2
245.8 943.2
244.5 943.2
244.4 943.2
244.6 943.2
244.5 943.2
244.6 943.2
244.5 943.2
244.6 943.2
244.5 943.2
244.5 943.2
244.5 943.2
244.5 943.2
244.5 943.2
244.6 943.2
244.6 943.2
244.4 943.2
244.4 943.2
244.6 943.2
244.5 943.2
244.4 943.2
244.6 943.2
244.5 943.2
244.5 943.2
244.4 943.2
244.6 943.2
244.4 943.2
244.5 943.2
244.5 943.2
244.5 943.2
244.5 943.2
244.5 943.2
244.5 943.2
244.5 943.2
244.5 943.2
244.5 943.2
244.4 943.2
244.4 943.2
244.5 943.2
244.5 943.2
244.4 943.2
244.5 943.2
244.4 943.2
244.4 943.2
244.5 943.2
244.4 943.2
244.4 943.2
244.4 943.2
244.4 943.2
244.4 943.2
244.4 943.2
244.5 943.2
244.4 943.2
244.4 943.2
244.5 943.2
244.4 943.2
244.4 943.2
244.4 943.2
244.4 943.2
244.4 943.2
244.4 943.2
244.4 943.2
244.8 943.2
243.7 943.2
244.4 943.2
244.3 943.2
244.3 943.2
244.3 943.2
244.3 943.2
244.3 943.2
244.4 943.2
244.4 943.2
244.4 943.2
244.3 943.2
244.2 943.2
244.4 943.2
244.3 943.2
244.4 943.2
244.3 943.2
244.3 943.2
244.3 943.2
244.3 943.2
244.4 943.2
244.6 943.2
245.3 943.2
244.6 943.2
244.6 943.2
244.7 943.2
244.7 943.2
244.7 943.2
244.6 943.2
244.6 943.2
244.7 943.2
244.7 943.2
244.7 943.2
244.6 943.2
244.7 943.2
244.6 943.2
244.7 943.2
244.7 943.2
244.7 943.2
244.7 943.2
244.6 943.2
244.6 943.2
244.7 943.2
244.6 943.2
244.6 943.2
244.6 943.2
244.7 943.2
244.7 943.2
244.6 943.2
244.6 943.2
244.6 943.2
244.7 943.2
244.6 943.2
244.6 943.2
244.7 943.2
244.6 943.2
244.6 943.2
244.7 943.2
244.7 943.2
244.7 943.2
244.7 943.2
244.7 943.2
244.7 943.2
244.7 943.2
244.7 943.2
244.7 943.2
244.7 943.2
244.7 943.2
244.6 943.2
244.6 943.2
244.6 943.2
244.7 943.2
244.7 943.2
244.6 943.2
244.7 943.2
244.5 943.2
244.6 943.2
244.6 943.2
244.6 943.2
244.6 943.2
244.7 943.2
244.7 943.2
244.6 943.2
244.7 943.2
244.7 943.2
244.7 943.2
244.7 943.2
244.6 943.2
244.7 943.2
244.7 943.2
244.6 943.2
244.6 943.2
244.6 943.2
244.6 943.2
245.7 943.2
244.6 943.2
244.8 943.2
244.6 943.2
244.6 943.2
245.0 943.2
245.8 943.2
245.7 943.2
245.7 943.2
245.5 943.2
245.7 943.2
245.7 943.2
245.8 943.2
245.7 943.2
245.7 943.2
245.7 943.2
244.6 943.2
244.6 943.2
245.7 943.2
244.6 943.2
245.5 943.2
245.7 943.2
245.7 943.2
245.7 943.2
244.5 943.2
244.6 943.2
245.7 943.2
245.7 943.2
245.8 943.2
245.7 943.2
245.7 943.2
245.7 943.2
245.7 943.2
245.5 943.2
244.6 943.2
245.7 943.2
244.5 943.2
244.6 943.2
244.5 943.2
245.2 943.2
244.5 943.2
244.5 943.2
244.6 943.2
244.5 943.2
244.5 943.2
244.5 943.2
244.6 943.2
244.5 943.2
244.6 943.2
245.7 943.2
245.6 943.2
245.6 943.2
245.6 943.2
245.8 943.2
245.6 943.2
245.6 943.2
245.6 943.2
245.7 943.2
245.6 943.2
245.7 943.2
245.6 943.2
245.7 943.2
245.7 943.2
244.5 943.2
245.7 943.2
245.7 943.2
245.8 943.2
245.7 943.2
245.6 943.2
245.7 943.2
245.6 943.2
244.4 943.2
244.4 943.2
245.4 943.2
244.6 943.2
244.6 943.2
244.4 943.2
244.4 943.2
244.4 943.2
244.4 943.2
244.4 943.2
244.7 943.2
244.4 943.2
244.6 943.2
244.4 943.2
244.4 943.2
244.5 943.2
244.4 943.2
244.5 943.2
244.6 943.2
244.5 943.2
244.6 943.2
244.4 943.2
244.5 943.2
244.4 943.2
245.7 943.2
245.6 943.2
245.0 943.2
244.8 943.2
245.6 943.2
244.4 943.2
244.5 943.2
244.4 943.2
245.4 943.2
245.6 943.2
245.6 943.2
245.6 943.2
245.6 943.2
244.4 943.2
244.4 943.2
244.6 943.2
244.7 943.2
245.6 943.2
245.7 943.2
245.6 943.2
245.6 943.2
245.6 943.2
245.6 943.2
245.6 943.2
245.6 943.2
245.6 943.2
245.6 943.2
245.5 943.2
245.6 943.2
245.6 943.2
245.3 943.2
245.8 943.2
245.9 943.2
244.6 943.2
244.7 943.2
244.7 943.2
244.8 943.2
245.8 943.2
245.8 943.2
245.9 943.2
245.0 943.2
244.7 943.2
244.6 943.2
244.7 943.2
244.7 943.2
244.7 943.2
244.7 943.2
244.5 943.2
245.7 943.2
245.8 943.2
245.7 943.2
244.6 943.2
245.8 943.2
244.7 943.2
245.8 943.2
244.7 943.2
244.6 943.2
244.7 943.2
244.7 943.2
244.7 943.2
244.7 943.2
244.7 943.2
244.7 943.2
244.5 943.2
244.6 943.2
244.7 943.2
244.7 943.2
244.6 943.2
244.6 943.2
244.8 943.2
244.7 943.2
244.6 943.2
244.7 943.2
244.7 943.2
245.7 943.2
245.7 943.2
245.8 943.2
245.8 943.2
245.7 943.2
245.7 943.2
245.7 943.2
245.7 943.2
244.8 943.2
244.9 943.2
245.8 943.2
244.6 943.2
244.7 943.2
244.6 943.2
244.7 943.2
244.7 943.2
244.5 943.2
244.6 943.2
244.6 943.2
244.7 943.2
244.5 943.2
244.6 943.2
245.0 943.2
244.7 943.2
244.7 943.2
245.7 943.2
245.7 943.2
245.7 943.2
245.7 943.2
245.7 943.2
245.7 943.2
245.7 943.2
245.7 943.2
245.7 943.2
245.6 943.2
244.7 943.2
244.7 943.2
245.7 943.2
245.7 943.2
245.8 943.2
245.7 943.2
245.7 943.2
244.7 943.2
244.6 943.2
244.6 943.2
244.7 943.2
244.6 943.2
244.6 943.2
244.7 943.2
244.6 943.2
244.6 943.2
244.6 943.2
244.6 943.2
244.6 943.2
244.6 943.2
244.6 943.2
244.6 943.2
244.7 943.2
244.6 943.2
244.6 943.2
244.6 943.2
244.6 943.2
244.6 943.2
244.5 943.2
244.6 943.2
244.6 943.2
244.6 943.2
244.5 943.2
244.6 943.2
244.6 943.2
244.6 943.2
244.6 943.2
244.5 943.2
244.6 943.2
244.5 943.2
244.4 943.2
244.5 943.2
244.4 943.2
244.4 943.2
244.5 943.2
244.4 943.2
244.5 943.2
245.0 943.2
245.7 943.2
245.6 943.2
245.7 943.2
244.4 943.2
244.4 943.2
244.5 943.2
244.9 943.2
244.6 943.2
244.4 943.2
244.4 943.2
244.5 943.2
245.6 943.2
245.6 943.2
245.6 943.2
245.6 943.2
245.4 943.5
245.4 943.5
245.4 943.5
245.4 943.5
245.3 943.5
245.3 943.5
245.3 943.5
245.3 943.5
245.3 943.5
245.3 943.5
245.3 943.5
245.3 943.5
245.3 943.5
245.3 943.5
245.4 943.5
244.6 943.5
245.3 943.5
245.2 943.5
245.3 943.5
245.4 943.5
245.3 943.5
245.3 943.5
245.2 943.5
245.3 943.5
245.3 943.5
245.3 943.5
245.2 943.5
244.2 943.5
244.1 943.5
244.2 943.5
244.1 943.5
244.0 943.5
244.4 943.5
244.0 943.5
244.1 943.5
244.7 943.5
244.8 943.5
245.3 943.5
245.3 943.5
245.3 943.5
245.3 943.5
245.3 943.5
245.3 943.5
245.4 943.5
245.4 943.5
245.2 943.5
245.2 943.5
245.3 943.5
245.3 943.5
244.2 943.5
244.1 943.5
244.1 943.5
244.1 943.5
244.0 943.5
244.1 943.5
244.1 943.5
244.0 943.5
244.2 943.5
244.4 943.5
244.3 943.5
244.3 943.5
244.3 943.5
244.3 943.5
244.3 943.5
244.4 943.5
244.3 943.5
244.4 943.5
244.5 943.5
244.4 943.5
244.4 943.5
244.2 943.5
244.4 943.5
244.4 943.5
244.3 943.5
244.3 943.5
244.4 943.5
244.4 943.5
244.3 943.5
244.4 943.5
245.5 943.5
244.8 943.5
245.5 943.5
245.5 943.5
245.5 943.5
244.4 943.5
244.3 943.5
244.3 943.5
244.3 943.5
244.3 943.5
244.3 943.5
244.3 943.5
244.6 943.5
244.3 943.5
244.3 943.5
244.3 943.5
244.3 943.5
244.4 943.5
244.4 943.5
244.2 943.5
244.3 943.5
244.4 943.5
244.4 943.5
244.4 943.5
244.4 943.5
244.4 943.5
244.4 943.5
244.4 943.5
244.4 943.5
244.4 943.5
244.3 943.5
244.3 943.5
244.4 943.5
244.4 943.5
244.3 943.5
244.3 943.5
244.3 943.5
244.3 943.5
244.3 943.5
244.4 943.5
244.3 943.5
244.4 943.5
244.3 943.5
244.4 943.5
244.4 943.5
244.4 943.5
244.3 943.5
244.4 943.5
244.4 943.5
244.4 943.5
244.3 943.5
244.3 943.5
244.3 943.5
244.3 943.5
244.3 943.5
244.4 943.5
244.3 943.5
244.3 943.5
244.4 943.5
244.3 943.5
244.3 943.5
244.4 943.5
244.3 943.5
244.3 943.5
244.4 943.5
244.4 943.5
244.3 943.5
244.3 943.5
244.3 943.5
244.3 943.5
244.4 943.5
244.3 943.5
244.3 943.5
244.3 943.5
244.3 943.5
244.1 943.5
244.3 943.5
244.3 943.5
244.3 943.5
244.3 943.5
244.3 943.5
244.2 943.5
244.3 943.5
244.2 943.5
244.2 943.5
244.2 943.5
244.2 943.5
244.3 943.5
244.2 943.5
244.2 943.5
244.2 943.5
244.3 943.5
244.3 943.5
244.3 943.5
244.2 943.5
244.3 943.5
244.2 943.5
244.2 943.5
244.1 943.5
244.2 943.5
244.2 943.5
244.1 943.5
244.2 943.5
244.2 943.5
244.2 943.5
244.2 943.5
244.3 943.5
244.2 943.5
244.2 943.5
244.2 943.5
244.2 943.5
244.2 943.5
244.2 943.5
244.2 943.5
244.2 943.5
244.2 943.5
244.2 943.5
244.2 943.5
244.1 943.5
244.3 943.5
244.1 943.5
244.3 943.5
244.1 943.5
244.3 943.5
244.1 943.5
244.1 943.5
245.0 943.5
243.7 943.5
243.6 943.5
244.2 943.5
244.1 943.5
244.8 943.5
243.5 943.5
244.1 943.5
244.2 943.5
244.2 943.5
244.2 943.5
244.5 943.5
244.0 943.5
243.4 943.5
243.5 943.5
243.7 943.5
244.7 943.5
244.9 943.5
244.7 943.5
244.9 943.5
244.2 943.5
244.2 943.5
244.1 943.5
244.1 943.5
244.1 943.5
244.1 943.5
243.5 943.5
243.4 943.5
243.5 943.5
243.5 943.5
243.4 943.5
244.1 943.5
244.5 943.5
243.4 943.5
243.4 943.5
243.4 943.5
243.7 943.5
244.0 943.5
244.6 943.5
243.3 943.5
244.5 943.5
244.8 943.5
244.0 943.5
244.1 943.5
244.0 943.5
244.1 943.5
244.0 943.5
243.5 943.5
243.4 943.5
243.4 943.5
243.6 943.5
243.6 943.5
243.5 943.5
243.8 943.5
245.1 943.5
244.3 943.5
244.3 943.5
244.2 943.5
244.3 943.5
244.3 943.5
244.3 943.5
244.1 943.5
243.9 943.5
244.1 943.5
244.4 943.5
243.8 943.5
243.6 943.5
244.1 943.5
245.0 943.5
243.7 943.5
243.8 943.5
244.4 943.5
244.2 943.5
244.4 943.5
244.3 943.5
244.3 943.5
244.3 943.5
244.2 943.5
244.4 943.5
244.3 943.5
244.2 943.5
244.2 943.5
244.2 943.5
244.3 943.5
244.2 943.5
244.3 943.5
244.2 943.5
244.3 943.5
244.7 943.5
244.5 943.5
244.4 943.5
243.6 943.5
243.6 943.5
243.6 943.5
244.1 943.5
243.9 943.5
244.0 943.5
244.2 943.5
244.7 943.5
244.3 943.5
243.9 943.5
243.8 943.5
244.1 943.5
244.1 943.5
243.9 943.5
243.7 943.5
244.1 943.5
243.8 943.5
245.0 943.5
243.8 943.5
243.6 943.5
243.6 943.5
243.8 943.5
243.6 943.5
243.7 943.5
243.7 943.5
243.5 943.5
243.7 943.5
243.7 943.5
243.6 943.5
243.6 943.5
243.6 943.5
243.6 943.5
243.6 943.5
243.6 943.5
243.7 943.5
243.7 943.5
243.6 943.5
244.8 943.5
244.2 943.5
243.6 943.5
244.1 943.5
243.8 943.5
244.1 943.5
244.2 943.5
244.0 943.5
244.7 943.5
244.6 943.5
244.2 943.5
243.8 943.5
244.1 943.5
244.3 943.5
243.6 943.5
243.6 943.5
244.1 943.5
243.6 943.5
243.9 943.5
243.6 943.5
244.7 943.5
244.5 943.5
244.6 943.5
244.3 943.5
244.2 943.5
244.2 943.5
244.8 943.5
243.7 943.5
243.6 943.5
244.7 943.5
244.2 943.5
244.2 943.5
244.2 943.5
244.1 943.5
244.2 943.5
244.5 943.5
244.1 943.5
243.5 943.5
243.6 943.5
243.5 943.5
243.5 943.5
243.5 943.5
244.1 943.5
243.5 943.5
243.5 943.5
243.4 943.5
243.5 943.5
243.5 943.5
243.6 943.5
243.5 943.5
243.6 943.5
243.5 943.5
243.5 943.5
243.6 943.5
243.4 943.5
243.4 943.5
243.5 943.5
243.4 943.5
243.4 943.5
243.5 943.5
243.5 943.5
243.5 943.5
243.6 943.5
243.6 943.5
243.4 943.5
243.4 943.5
243.5 943.5
243.5 943.5
243.6 943.5
243.4 943.5
243.4 943.5
243.5 943.5
243.4 943.5
243.3 943.5
243.6 943.5
243.3 943.5
243.4 943.5
243.4 943.5
243.4 943.5
243.5 943.5
243.5 943.5
243.4 943.5
243.4 943.5
243.4 943.5
243.5 943.5
243.4 943.5
243.5 943.5
243.3 943.5
243.4 943.5
243.5 943.5
243.4 943.5
243.4 943.5
243.3 943.5
243.4 943.5
243.4 943.5
243.4 943.5
243.4 943.5
243.5 943.5
243.5 943.5
243.4 943.5
243.4 943.5
243.4 943.5
244.0 943.5
244.8 943.5
244.0 943.5
244.8 943.5
244.7 943.5
244.8 943.5
244.7 943.5
244.1 943.5
244.0 943.5
243.5 943.5
243.4 943.5
243.4 943.5
243.4 943.5
243.6 943.5
243.7 943.5
243.5 943.5
243.7 943.5
243.5 943.5
243.6 943.5
244.0 943.5
243.6 943.5
244.9 943.5
243.5 943.5
243.6 943.5
243.6 943.5
243.7 943.5
244.1 943.5
244.9 943.5
243.6 943.5
243.6 943.5
243.6 943.5
243.6 943.5
243.6 943.5
243.6 943.5
243.4 943.5
243.6 943.5
243.5 943.5
243.5 943.5
243.5 943.5
243.5 943.5
243.6 943.5
243.6 943.5
243.5 943.5
243.5 943.5
243.5 943.5
243.5 943.5
244.1 943.5
244.9 943.5
244.6 943.5
244.2 943.5
243.6 943.5
243.6 943.5
243.5 943.5
243.6 943.5
244.7 943.5
244.5 943.5
243.7 943.5
244.0 943.5
243.7 943.5
243.5 943.5
243.6 943.5
244.5 943.5
244.6 943.5
243.6 943.5
243.6 943.5
243.5 943.5
243.5 943.5
243.5 943.5
243.5 943.5
243.5 943.5
243.6 943.5
243.5 943.5
243.4 943.5
243.5 943.5
243.5 943.5
243.5 943.5
243.5 943.5
243.6 943.5
243.6 943.5
243.4 943.5
243.4 943.5
243.3 943.5
243.4 943.5
243.5 943.5
243.5 943.5
243.4 943.5
243.6 943.5
243.6 943.5
244.6 943.5
243.4 943.5
243.4 943.5
243.6 943.5
243.5 943.5
243.4 943.5
243.5 943.5
243.5 943.5
243.6 943.5
243.5 943.5
243.4 943.5
243.5 943.5
244.3 943.5
244.1 943.5
244.0 943.5
244.3 943.5
244.7 943.5
244.0 943.5
243.8 943.5
243.5 943.5
243.5 943.5
243.5 943.5
243.4 943.5
243.4 943.5
243.4 943.5
243.5 943.5
243.5 943.5
243.5 943.5
243.5 943.5
243.4 943.5
243.3 943.5
243.3 943.5
244.8 943.5
243.5 943.5
243.4 943.5
243.5 943.5
243.3 943.5
243.3 943.5
243.2 943.5
243.4 943.5
243.3 943.5
243.3 943.5
243.3 943.5
243.4 943.5
243.4 943.5
244.5 943.5
243.5 943.5
243.7 943.5
244.6 943.5
243.4 943.5
243.5 943.5
243.4 943.5
243.4 943.5
243.4 943.5
243.3 943.5
243.3 943.5
243.4 943.5
243.4 943.5
243.4 943.5
243.4 943.5
243.3 943.5
243.3 943.5
243.3 943.5
243.4 943.5
243.3 943.5
243.4 943.5
243.4 943.5
243.3 943.5
243.4 943.5
243.4 943.5
243.4 943.5
243.3 943.5
243.3 943.5
243.4 943.5
243.8 943.5
243.3 943.5
243.4 943.5
243.3 943.5
243.4 943.5
243.3 943.5
243.3 943.5
243.3 943.5
243.4 943.5
243.3 943.5
244.4 943.5
243.4 943.5
243.3 943.5
243.3 943.5
243.3 943.5
243.3 943.5
243.3 943.5
243.3 943.5
243.3 943.5
243.3 943.5
243.3 943.5
243.3 943.5
244.7 943.5
244.4 943.5
244.6 943.5
243.5 943.5
243.4 943.5
243.5 943.5
244.1 943.5
244.6 943.5
244.1 943.5
243.9 943.5
244.6 943.5
235.3 943.7
236.4 943.7
235.8 943.7
235.1 943.7
235.2 943.7
235.4 943.7
235.5 943.7
235.4 943.7
235.3 943.7
235.3 943.7
235.4 943.7
235.4 943.7
235.3 943.7
235.3 943.7
235.2 943.7
235.3 943.7
235.3 943.7
235.3 943.7
236.4 943.7
235.3 943.7
235.3 943.7
235.2 943.7
235.3 943.7
235.3 943.7
235.2 943.7
235.2 943.7
235.3 943.7
235.4 943.7
235.3 943.7
235.3 943.7
235.4 943.7
235.2 943.7
235.4 943.7
235.4 943.7
235.3 943.7
235.3 943.7
236.6 943.7
236.0 943.7
235.3 943.7
235.4 943.7
236.2 943.7
236.7 943.7
236.4 943.7
236.0 943.7
235.3 943.7
235.3 943.7
235.4 943.7
235.3 943.7
235.3 943.7
235.2 943.7
235.4 943.7
235.3 943.7
235.3 943.7
235.3 943.7
235.4 943.7
235.3 943.7
235.2 943.7
235.4 943.7
235.4 943.7
235.2 943.7
235.3 943.7
235.2 943.7
235.2 943.7
235.3 943.7
235.3 943.7
235.2 943.7
235.3 943.7
235.3 943.7
235.3 943.7
235.3 943.7
235.3 943.7
235.4 943.7
235.4 943.7
235.4 943.7
235.4 943.7
235.4 943.7
236.6 943.7
236.6 943.7
235.8 943.7
236.1 943.7
236.5 943.7
236.2 943.7
236.6 943.7
235.5 943.7
236.0 943.7
235.3 943.7
235.3 943.7
235.4 943.7
235.3 943.7
235.3 943.7
235.3 943.7
235.2 943.7
235.3 943.7
235.3 943.7
235.2 943.7
235.3 943.7
235.2 943.7
235.2 943.7
235.2 943.7
235.2 943.7
235.3 943.7
235.3 943.7
235.3 943.7
235.3 943.7
235.2 943.7
236.6 943.7
235.7 943.7
235.2 943.7
235.7 943.7
236.6 943.7
236.1 943.7
235.7 943.7
235.9 943.7
235.0 943.7
235.2 943.7
235.2 943.7
235.1 943.7
235.8 943.7
235.5 943.7
236.0 943.7
236.6 943.7
236.6 943.7
235.2 943.7
235.2 943.7
235.2 943.7
235.3 943.7
235.2 943.7
235.2 943.7
235.2 943.7
235.9 943.7
235.4 943.7
235.2 943.7
235.2 943.7
235.3 943.7
235.2 943.7
235.2 943.7
235.2 943.7
235.2 943.7
235.2 943.7
235.2 943.7
235.2 943.7
235.1 943.7
235.2 943.7
235.2 943.7
235.2 943.7
235.1 943.7
235.2 943.7
235.6 943.7
236.2 943.7
235.2 943.7
235.1 943.7
235.6 943.7
235.8 943.7
236.5 943.7
235.1 943.7
236.5 943.7
235.0 943.7
235.3 943.7
235.3 943.7
236.3 943.7
235.8 943.7
236.0 943.7
236.4 943.7
235.0 943.7
235.1 943.7
235.1 943.7
235.0 943.7
235.1 943.7
235.1 943.7
235.0 943.7
235.0 943.7
235.1 943.7
235.1 943.7
236.5 943.7
235.8 943.7
236.4 943.7
235.4 943.7
235.8 943.7
235.2 943.7
235.1 943.7
235.1 943.7
236.5 943.7
235.1 943.7
235.1 943.7
235.1 943.7
235.0 943.7
234.9 943.7
235.9 943.7
235.0 943.7
235.0 943.7
235.0 943.7
235.0 943.7
235.0 943.7
235.1 943.7
235.2 943.7
235.3 943.7
235.5 943.7
235.3 943.7
235.2 943.7
236.0 943.7
235.7 943.7
236.4 943.7
235.3 943.7
235.3 943.7
235.2 943.7
235.5 943.7
235.3 943.7
235.3 943.7
235.3 943.7
235.3 943.7
235.2 943.7
235.4 943.7
235.2 943.7
235.3 943.7
235.3 943.7
235.3 943.7
235.3 943.7
235.3 943.7
235.3 943.7
235.4 943.7
235.3 943.7
235.3 943.7
235.2 943.7
235.3 943.7
235.3 943.7
235.3 943.7
235.3 943.7
235.4 943.7
235.3 943.7
235.2 943.7
235.3 943.7
235.4 943.7
235.3 943.7
235.3 943.7
235.3 943.7
235.3 943.7
236.1 943.7
236.6 943.7
235.6 943.7
236.6 943.7
235.7 943.7
235.2 943.7
236.6 943.7
236.2 943.7
235.3 943.7
235.3 943.7
235.3 943.7
235.2 943.7
235.3 943.7
235.2 943.7
235.1 943.7
235.9 943.7
235.2 943.7
236.0 943.7
235.7 943.7
235.6 943.7
236.4 943.7
235.4 943.7
235.3 943.7
236.7 943.7
236.6 943.7
236.4 943.7
236.6 943.7
236.1 943.7
236.7 943.7
235.3 943.7
235.3 943.7
235.3 943.7
235.2 943.7
236.0 943.7
236.2 943.7
235.2 943.7
235.3 943.7
236.4 943.7
235.2 943.7
235.2 943.7
235.2 943.7
235.3 943.7
236.2 943.7
236.3 943.7
236.4 943.7
235.3 943.7
235.2 943.7
235.2 943.7
235.3 943.7
235.9 943.7
235.2 943.7
235.3 943.7
235.2 943.7
235.2 943.7
235.2 943.7
235.2 943.7
235.2 943.7
235.3 943.7
235.2 943.7
235.3 943.7
235.2 943.7
235.2 943.7
235.3 943.7
235.2 943.7
235.1 943.7
235.1 943.7
235.2 943.7
235.2 943.7
235.0 943.7
236.0 943.7
236.1 943.7
235.9 943.7
235.9 943.7
235.3 943.7
235.2 943.7
235.2 943.7
235.2 943.7
235.2 943.7
235.2 943.7
235.2 943.7
235.2 943.7
235.1 943.7
235.2 943.7
235.2 943.7
236.5 943.7
235.6 943.7
235.6 943.7
235.2 943.7
235.1 943.7
235.3 943.7
235.3 943.7
235.7 943.7
236.4 943.7
235.2 943.7
235.2 943.7
235.2 943.7
235.2 943.7
235.1 943.7
235.1 943.7
235.3 943.7
235.9 943.7
236.4 943.7
235.0 943.7
235.1 943.7
235.1 943.7
235.2 943.7
235.2 943.7
235.2 943.7
235.1 943.7
235.0 943.7
235.7 943.7
235.0 943.7
235.0 943.7
235.1 943.7
235.0 943.7
235.1 943.7
235.6 943.7
236.4 943.7
236.0 943.7
236.3 943.7
235.9 943.7
236.4 943.7
236.4 943.7
236.0 943.7
235.7 943.7
236.3 943.7
235.2 943.7
235.2 943.7
235.7 943.7
235.0 943.7
235.0 943.7
235.0 943.7
235.0 943.7
235.0 943.7
235.0 943.7
234.9 943.7
235.0 943.7
235.0 943.7
235.0 943.7
234.9 943.7
235.0 943.7
235.0 943.7
235.0 943.7
235.7 943.7
236.0 943.7
235.9 943.7
236.5 943.7
235.3 943.7
235.6 943.7
235.9 943.7
235.9 943.7
235.7 943.7
236.6 943.7
236.5 943.7
235.3 943.7
235.6 943.7
235.2 943.7
235.2 943.7
235.2 943.7
236.1 943.7
236.3 943.7
235.5 943.7
235.4 943.7
235.1 943.7
235.3 943.7
235.3 943.7
235.3 943.7
235.2 943.7
235.2 943.7
235.1 943.7
235.3 943.7
236.2 943.7
235.2 943.7
235.2 943.7
235.2 943.7
235.3 943.7
235.1 943.7
235.2 943.7
235.1 943.7
235.0 943.7
235.3 943.7
235.3 943.7
235.3 943.7
235.3 943.7
235.2 943.7
235.1 943.7
235.3 943.7
235.2 943.7
235.3 943.7
235.1 943.7
235.1 943.7
235.2 943.7
235.3 943.7
235.0 943.7
235.3 943.7
235.3 943.7
235.1 943.7
235.2 943.7
235.2 943.7
235.2 943.7
235.1 943.7
235.1 943.7
235.2 943.7
235.2 943.7
236.5 943.7
236.5 943.7
236.6 943.7
235.2 943.7
235.9 943.7
235.1 943.7
235.3 943.7
235.1 943.7
235.3 943.7
236.6 943.7
235.5 943.7
235.9 943.7
235.3 943.7
235.4 943.7
235.3 943.7
235.2 943.7
235.3 943.7
235.3 943.7
235.3 943.7
235.3 943.7
235.3 943.7
235.9 943.7
235.8 943.7
235.7 943.7
235.6 943.7
235.2 943.7
235.2 943.7
236.6 943.7
235.1 943.7
235.2 943.7
235.3 943.7
235.2 943.7
235.3 943.7
235.2 943.7
235.2 943.7
235.3 943.7
235.3 943.7
235.9 943.7
235.2 943.7
235.2 943.7
235.6 943.7
235.2 943.7
235.2 943.7
235.3 943.7
235.3 943.7
235.1 943.7
235.3 943.7
235.4 943.7
235.6 943.7
235.9 943.7
235.7 943.7
235.9 943.7
236.4 943.7
236.1 943.7
235.3 943.7
235.2 943.7
235.3 943.7
236.1 943.7
235.2 943.7
235.3 943.7
236.4 943.7
235.2 943.7
235.2 943.7
236.2 943.7
236.2 943.7
236.2 943.7
236.1 943.7
236.5 943.7
236.5 943.7
236.3 943.7
235.1 943.7
235.1 943.7
235.2 943.7
235.1 943.7
235.2 943.7
235.0 943.7
235.2 943.7
235.2 943.7
235.2 943.7
235.1 943.7
236.6 943.7
236.7 943.7
235.8 943.7
235.5 943.7
235.9 943.7
235.3 943.7
235.2 943.7
235.0 943.7
235.2 943.7
235.1 943.7
235.1 943.7
235.0 943.7
235.1 943.7
235.6 943.7
235.9 943.7
235.8 943.7
235.7 943.7
235.8 943.7
236.3 943.7
235.1 943.7
235.1 943.7
235.7 943.7
235.8 943.7
235.8 943.7
235.1 943.7
235.3 943.7
235.1 943.7
235.2 943.7
235.1 943.7
235.1 943.7
235.0 943.7
235.1 943.7
235.4 943.7
235.2 943.7
235.7 943.7
235.0 943.7
235.5 943.7
235.8 943.7
235.8 943.7
235.9 943.7
235.2 943.7
235.0 943.7
236.1 943.7
236.4 943.7
235.7 943.7
235.7 943.7
235.6 943.7
235.7 943.7
235.7 943.7
235.7 943.7
235.7 943.7
235.7 943.7
235.7 943.7
235.6 943.7
235.9 943.7
235.9 943.7
236.0 943.7
236.0 943.7
236.0 943.7
235.9 943.7
236.0 943.7
236.0 943.7
235.9 943.7
236.0 943.7
236.0 943.7
236.0 943.7
235.9 943.7
235.9 943.7
236.0 943.7
235.9 943.7
235.9 943.7
236.0 943.7
235.3 943.7
235.5 943.7
235.4 943.7
235.9 943.7
235.9 943.7
236.3 943.7
235.3 943.7
235.3 943.7
235.6 943.7
235.5 943.7
235.2 943.7
235.3 943.7
235.3 943.7
235.2 943.7
235.1 943.7
235.3 943.7
235.3 943.7
235.3 943.7
235.3 943.7
235.2 943.7
235.3 943.7
235.3 943.7
235.4 943.7
235.3 943.7
235.2 943.7
235.3 943.7
235.3 943.7
235.7 943.7
235.7 943.7
235.5 943.7
236.0 943.7
236.1 943.7
235.2 943.7
235.3 943.7
235.3 943.7
235.3 943.7
235.3 943.7
235.2 943.7
235.2 943.7
235.4 943.7
235.3 943.7
235.2 943.7
235.2 943.7
235.3 943.7
235.4 943.7
235.3 943.7
235.2 943.7
235.4 943.7
235.4 943.7
235.3 943.7
235.3 943.7
235.3 943.7
235.1 943.7
235.3 943.7
235.3 943.7
235.2 943.7
235.2 943.7
235.3 943.7
235.2 943.7
235.2 943.7
235.3 943.7
235.1 943.7
235.3 943.7
235.3 943.7
235.2 943.7
235.3 943.7
235.3 943.7
235.1 943.7
235.3 943.7
235.1 943.7
235.3 943.7
235.3 943.7
235.2 943.7
235.1 943.7
235.2 943.7
235.2 943.7
235.2 943.7
235.2 943.7
235.2 943.7
235.2 943.7
235.2 943.7
235.2 943.7
235.6 943.7
235.4 943.7
236.3 943.7
236.5 943.7
235.6 943.7
235.6 943.7
235.3 943.7
235.9 943.7
236.4 943.7
236.2 943.7
236.4 943.7
235.8 943.7
236.4 943.7
236.5 943.7
236.5 943.7
235.1 943.7
235.2 943.7
235.1 943.7
235.9 943.7
235.5 943.7
236.3 943.7
235.2 943.7
235.2 943.7
235.2 943.7
236.5 943.7
235.8 943.7
235.2 943.7
235.5 943.7
235.3 943.7
235.2 943.7
235.0 943.7
235.0 943.7
236.4 943.7
235.1 943.7
235.1 943.7
236.2 943.7
235.0 943.7
235.0 943.7
235.0 943.7
235.8 943.7
235.7 943.7
235.7 943.7
235.1 943.7
235.1 943.7
235.2 943.7
235.0 943.7
235.2 943.7
235.0 943.7
235.0 943.7
235.1 943.7
235.1 943.7
235.1 943.7
235.2 943.7
235.2 943.7
235.7 943.7
235.1 943.7
236.4 943.7
235.8 943.7
236.1 943.7
235.1 943.7
235.5 943.7
235.1 943.7
235.9 943.7
235.5 943.7
235.2 943.7
235.1 943.7
235.0 943.7
235.1 943.7
235.0 943.7
235.2 943.7
235.1 943.7
235.0 943.7
235.1 943.7
235.6 943.7
235.7 943.7
235.1 943.7
236.4 943.7
235.0 943.7
235.1 943.7
235.5 943.7
235.9 943.7
235.1 943.7
235.0 943.7
235.0 943.7
235.1 943.7
235.1 943.7
235.0 943.7
235.0 943.7
235.0 943.7
235.0 943.7
235.0 943.7
235.0 943.7
235.0 943.7
235.4 943.7
235.3 943.7
235.2 943.7
235.3 943.7
235.3 943.7
235.2 943.7
235.3 943.7
235.2 943.7
235.3 943.7
235.3 943.7
235.3 943.7
235.2 943.7
235.3 943.7
235.2 943.7
235.3 943.7
235.2 943.7
235.3 943.7
235.3 943.7
235.2 943.7
235.2 943.7
235.1 943.7
235.2 943.7
235.3 943.7
235.4 943.7
235.8 943.7
235.8 943.7
235.3 943.7
235.2 943.7
235.3 943.7
235.1 943.7
235.3 943.7
235.3 943.7
235.3 943.7
235.2 943.7
235.3 943.7
235.2 943.7
235.3 943.7
235.4 943.7
235.3 943.7
235.7 943.7
235.3 943.7
235.3 943.7
236.1 943.7
236.0 943.7
235.3 943.7
235.2 943.7
236.4 943.7
235.2 943.7
235.2 943.7
235.5 943.7
235.2 943.7
235.9 943.7
235.8 943.7
235.9 943.7
236.5 943.7
235.9 943.7
235.8 943.7
235.9 943.7
235.9 943.7
236.6 943.7
235.9 943.7
235.8 943.7
235.9 943.7
235.9 943.7
235.2 943.7
236.6 943.7
235.9 943.7
236.6 943.7
235.9 943.7
235.6 943.7
235.9 943.7
235.8 943.7
235.7 943.7
235.9 943.7
236.6 943.7
236.2 943.7
235.9 943.7
235.2 943.7
235.3 943.7
235.4 943.7
235.3 943.7
235.2 943.7
235.3 943.7
235.2 943.7
235.2 943.7
235.2 943.7
235.2 943.7
235.2 943.7
235.2 943.7
235.1 943.7
235.2 943.7
235.2 943.7
235.0 943.7
235.2 943.7
235.2 943.7
235.1 943.7
235.2 943.7
235.1 943.7
235.2 943.7
235.2 943.7
235.3 943.7
235.0 943.7
235.1 943.7
235.2 943.7
235.0 943.7
235.1 943.7
235.3 943.7
235.5 943.7
236.3 943.7
236.5 943.7
235.6 943.7
235.9 943.7
235.4 943.7
235.1 943.7
235.0 943.7
235.1 943.7
235.1 943.7
235.1 943.7
235.1 943.7
235.1 943.7
235.1 943.7
235.2 943.7
235.1 943.7
235.0 943.7
235.1 943.7
235.1 943.7
235.1 943.7
235.2 943.7
235.2 943.7
235.1 943.7
235.1 943.7
235.3 943.7
235.1 943.7
235.2 943.7
235.1 943.7
235.2 943.7
235.2 943.7
235.2 943.7
235.1 943.7
235.2 943.7
235.2 943.7
235.2 943.7
235.2 943.7
235.1 943.7
235.2 943.7
235.0 943.7
235.0 943.7
235.2 943.7
235.1 943.7
235.1 943.7
235.1 943.7
235.1 943.7
235.2 943.7
235.0 943.7
235.0 943.7
235.0 943.7
235.0 943.7
234.9 943.7
235.0 943.7
235.0 943.7
235.1 943.7
235.0 943.7
235.0 943.7
235.1 943.7
235.1 943.7
235.0 943.7
235.0 943.7
235.0 943.7
235.0 943.7
235.0 943.7
235.1 943.7
235.0 943.7
235.0 943.7
234.9 943.7
235.1 943.7
235.0 943.7
235.0 943.7
235.0 943.7
234.9 943.7
235.0 943.7
235.0 943.7
235.0 943.7
234.9 943.7
234.9 943.7
235.0 943.7
235.0 943.7
235.0 943.7
234.9 943.7
235.0 943.7
235.0 943.7
235.0 943.7
235.3 943.7
235.3 943.7
235.2 943.7
235.2 943.7
235.2 943.7
235.2 943.7
235.3 943.7
235.2 943.7
235.3 943.7
235.3 943.7
235.3 943.7
235.3 943.7
235.3 943.7
235.3 943.7
235.3 943.7
235.2 943.7
235.3 943.7
235.3 943.7
235.3 943.7
235.3 943.7
235.2 943.7
235.1 943.7
236.2 943.7
235.8 943.7
235.3 943.7
235.2 943.7
235.3 943.7
235.3 943.7
235.3 943.7
235.4 943.7
235.9 943.7
236.5 943.7
235.4 943.7
235.3 943.7
235.7 943.7
235.2 943.7
235.4 943.7
235.3 943.7
235.3 943.7
235.2 943.7
235.3 943.7
235.2 943.7
235.3 943.7
235.2 943.7
235.2 943.7
235.2 943.7
235.2 943.7
235.3 943.7
236.5 943.7
236.5 943.7
236.3 943.7
236.3 943.7
235.3 943.7
235.2 943.7
235.8 943.7
235.4 943.7
235.3 943.7
236.6 943.7
235.2 943.7
235.4 943.7
235.0 943.7
235.3 943.7
235.1 943.7
235.2 943.7
235.3 943.7
235.2 943.7
235.2 943.7
235.1 943.7
235.2 943.7
235.2 943.7
235.2 943.7
235.2 943.7
235.3 943.7
235.2 943.7
235.2 943.7
235.2 943.7
235.2 943.7
235.8 943.7
235.6 943.7
235.6 943.7
235.3 943.7
235.9 943.7
235.5 943.7
236.4 943.7
235.3 943.7
235.3 943.7
235.3 943.7
235.2 943.7
235.2 943.7
235.2 943.7
235.9 943.7
236.5 943.7
235.7 943.7
235.2 943.7
235.2 943.7
235.3 943.7
235.3 943.7
235.2 943.7
235.2 943.7
235.1 943.7
235.1 943.7
235.2 943.7
235.2 943.7
235.2 943.7
235.2 943.7
235.1 943.7
235.2 943.7
235.2 943.7
235.2 943.7
235.1 943.7
235.2 943.7
235.0 943.7
235.1 943.7
235.2 943.7
235.1 943.7
235.2 943.7
235.1 943.7
235.1 943.7
235.1 943.7
236.4 943.7
236.2 943.7
235.8 943.7
235.8 943.7
235.8 943.7
235.7 943.7
235.8 943.7
235.8 943.7
235.8 943.7
235.8 943.7
235.6 943.7
235.7 943.7
235.1 943.7
235.2 943.7
235.8 943.7
235.9 943.7
235.9 943.7
235.8 943.7
236.1 943.7
235.3 943.7
235.6 943.7
235.1 943.7
235.2 943.7
235.7 943.7
235.8 943.7
235.7 943.7
235.7 943.7
235.7 943.7
235.7 943.7
235.7 943.7
235.8 943.7
235.7 943.7
235.7 943.7
235.8 943.7
235.8 943.7
235.8 943.7
235.0 943.7
235.3 943.7
235.1 943.7
235.0 943.7
235.0 943.7
235.9 943.7
235.1 943.7
235.0 943.7
235.1 943.7
235.1 943.7
235.1 943.7
235.1 943.7
235.1 943.7
235.1 943.7
235.1 943.7
235.1 943.7
235.3 943.7
234.9 943.7
235.5 943.7
235.5 943.7
235.0 943.7
235.5 943.7
235.5 943.7
235.7 943.7
235.5 943.7
235.6 943.7
235.9 943.7
235.9 943.7
235.0 943.7
235.0 943.7
235.0 943.7
235.1 943.7
235.0 943.7
235.0 943.7
235.0 943.7
234.9 943.7
236.2 943.7
235.7 943.7
235.2 943.7
235.3 943.7
235.3 943.7
235.8 943.7
235.3 943.7
235.1 943.7
235.1 943.7
235.1 943.7
235.2 943.7
235.3 943.7
235.1 943.7
235.3 943.7
235.1 943.7
235.3 943.7
235.1 943.7
235.2 943.7
235.0 943.7
235.3 943.7
235.3 943.7
235.1 943.7
235.1 943.7
235.3 943.7
235.1 943.7
235.6 943.7
235.6 943.7
235.2 943.7
235.2 943.7
235.3 943.7
235.2 943.7
235.4 943.7
235.3 943.7
235.5 943.7
236.0 943.7
235.2 943.7
236.3 943.7
236.1 943.7
236.1 943.7
236.5 943.7
235.5 943.7
235.3 943.7
235.2 943.7
236.1 943.7
235.4 943.7
236.4 943.7
235.2 943.7
236.1 943.7
235.3 943.7
235.3 943.7
236.5 943.7
236.2 943.7
235.2 943.7
236.1 943.7
235.7 943.7
235.9 943.7
236.6 943.7
236.5 943.7
235.2 943.7
235.2 943.7
235.1 943.7
235.2 943.7
235.2 943.7
238.3 943.7
238.1 943.7
237.6 943.7
237.5 943.7
237.6 943.7
238.6 943.7
238.0 943.7
238.2 943.7
238.1 943.7
238.4 943.7
237.4 943.7
237.6 943.7
237.4 943.7
237.5 943.7
237.7 943.7
237.6 943.7
237.6 943.7
237.7 943.7
237.7 943.7
238.0 943.7
238.3 943.7
237.8 943.7
237.4 943.7
237.4 943.7
237.4 943.7
237.7 943.7
237.6 943.7
238.1 943.7
237.8 943.7
237.4 943.7
